%YAML:1.0
---
model_type: PINHOLE
camera_name: camera
image_width: 848
image_height: 480
distortion_parameters:
   k1: 0.0
   k2: 0.0
   p1: 0.0
   p2: 0.0
projection_parameters:
   fx: 424.4700927734375
   fy: 424.4700927734375
   cx: 424.4076843261719
   cy: 240.33274841308594
